#Musica '7stars New.mp3' salva no diretorio '7stars New'

-0.00, -0.05; 7.1314; A
-0.10, -0.02; 1.7183; C
0.11, -0.02; 1.7995; B
-0.15, -0.03; 1.7531; C
0.11, -0.02; 1.7067; B
0.11, -0.02; 0.2090; B
0.00, -0.10; 1.7647; A
-0.01, 0.07; 1.8344; D
0.00, -0.10; 1.7995; A
-0.01, 0.08; 1.6138; D
-0.01, 0.08; 0.2438; D
-0.15, -0.01; 1.7995; C
0.14, -0.02; 1.7183; B
-0.15, -0.02; 1.8924; C
0.12, -0.01; 1.6486; B
0.12, -0.01; 0.2090; B
-0.14, -0.00; 1.8808; C
0.13, -0.02; 1.8344; B
-0.15, -0.01; 1.7763; C
0.12, -0.01; 1.5441; B
0.12, -0.01; 0.1858; B
0.00, -0.10; 1.7531; A
-0.01, 0.08; 1.9156; D
-0.00, -0.11; 1.7995; A
-0.01, 0.09; 1.5906; D
-0.01, 0.09; 0.2206; D
-0.09, -0.04; 0.9868; C
0.12, -0.02; 0.8475; B
-0.10, -0.02; 0.9404; C
0.09, -0.04; 0.8591; B
-0.11, -0.02; 0.9520; C
0.10, -0.02; 0.8707; B
-0.11, -0.00; 0.8591; C
0.12, -0.01; 0.9404; B
-0.11, -0.01; 1.8112; C
0.11, -0.01; 1.7531; B
-0.14, -0.01; 1.9040; C
0.13, -0.02; 1.5790; B
0.13, -0.02; 0.1974; B
-0.01, -0.12; 1.7647; A
-0.01, 0.07; 1.8692; D
0.00, -0.12; 1.7183; A
-0.01, 0.07; 1.6718; D
-0.01, 0.07; 0.1858; D
-0.15, -0.00; 1.7647; C
0.13, -0.01; 1.5790; B
-0.14, -0.02; 2.0434; C
0.12, -0.02; 1.7299; B
0.12, -0.02; 0.1974; B
-0.00, -0.11; 1.7531; A
-0.01, 0.07; 1.8924; D
0.00, -0.10; 1.7763; A
-0.01, 0.07; 1.5673; D
-0.01, 0.07; 0.2090; D
0.00, -0.14; 0.9985; A
-0.00, 0.09; 0.8243; D
0.00, -0.12; 0.9636; A
-0.01, 0.08; 0.9404; D
0.01, -0.14; 0.8940; A
-0.01, 0.10; 0.8940; D
0.01, -0.13; 0.8940; A
0.01, 0.07; 0.8359; D
-0.13, -0.04; 0.9869; C
0.09, -0.02; 0.8940; B
-0.01, 0.07; 0.9520; D
-0.13, -0.06; 0.8824; C
0.00, -0.12; 0.9172; A
0.10, -0.02; 0.8591; B
-0.01, 0.08; 0.9056; D
-0.15, -0.06; 0.8359; C
0.02, -0.15; 0.9404; A
-0.13, -0.03; 0.9752; C
-0.01, 0.08; 0.9868; D
0.15, -0.01; 0.8591; B
0.03, -0.15; 0.8708; A
-0.13, -0.03; 0.8824; C
-0.00, 0.08; 0.8824; D
0.13, -0.04; 0.8359; B
-0.15, -0.04; 1.8808; C
0.14, -0.03; 1.7995; B
-0.15, -0.00; 1.9156; C
0.11, -0.02; 1.4280; B
0.11, -0.02; 0.2322; B
0.00, -0.10; 1.8576; A
