#Musica 'mirrors_edge 2.mp3' salva no diretorio 'mirrors_edge 2'

0.00, -0.07; 2.3597; A
0.00, -0.07; 0.8243; A
0.00, -0.07; 0.5921; A
0.00, -0.07; 0.6037; A
0.00, -0.07; 1.1378; A
0.00, -0.07; 0.5457; A
0.00, -0.07; 0.8591; A
0.00, -0.07; 0.8359; A
0.00, -0.07; 0.5108; A
0.00, -0.07; 0.5805; A
0.00, -0.07; 1.0333; A
0.00, -0.07; 0.5457; A
0.00, -0.07; 10.0659; A
0.00, -0.07; 0.7082; A
0.00, -0.07; 0.5108; A
-0.14, -0.00; 0.6037; C
-0.14, -0.00; 0.2554; C
-0.14, -0.00; 0.8707; C
-0.14, -0.00; 0.5457; C
-0.08, -0.03; 0.5457; C
-0.08, -0.03; 0.2206; C
0.13, -0.02; 0.8475; B
0.13, -0.02; 0.4876; B
0.13, -0.02; 0.6966; B
0.13, -0.02; 0.2206; B
0.13, -0.02; 0.8940; B
0.13, -0.02; 0.5224; B
0.13, -0.02; 0.5689; B
0.13, -0.02; 0.2438; B
-0.02, 0.06; 0.9056; D
-0.02, 0.06; 0.5224; D
-0.01, 0.06; 0.6269; D
-0.01, 0.06; 0.2090; D
-0.01, 0.06; 0.9172; D
-0.01, 0.06; 0.5108; D
-0.01, 0.06; 0.5921; D
-0.01, 0.06; 0.2554; D
-0.00, -0.10; 0.9172; A
-0.00, -0.10; 0.5108; A
-0.00, -0.10; 0.6153; A
-0.00, -0.10; 0.2322; A
-0.00, -0.10; 0.8940; A
-0.00, -0.10; 0.4992; A
-0.00, -0.10; 0.5921; A
-0.00, -0.10; 0.2554; A
-0.12, -0.04; 0.8243; C
-0.12, -0.04; 0.5341; C
-0.12, -0.04; 0.5805; C
-0.12, -0.04; 0.2090; C
-0.12, -0.04; 0.2438; C
-0.11, -0.03; 0.7314; C
-0.11, -0.03; 0.4760; C
-0.11, -0.03; 0.5921; C
-0.11, -0.03; 0.2322; C
0.12, -0.02; 0.9636; B
0.12, -0.02; 0.4876; B
0.12, -0.02; 0.6385; B
0.12, -0.02; 0.2206; B
0.12, -0.02; 0.9288; B
0.12, -0.02; 0.4528; B
0.12, -0.02; 0.5457; B
0.12, -0.02; 0.2322; B
-0.02, 0.04; 0.8824; D
-0.01, 0.04; 0.5573; D
-0.00, 0.05; 0.5921; D
-0.00, 0.05; 0.2438; D
-0.00, 0.05; 0.9172; D
-0.00, 0.05; 0.4876; D
-0.00, 0.05; 0.6618; D
-0.00, 0.05; 0.2554; D
0.00, -0.10; 0.8591; A
0.00, -0.10; 0.4876; A
-0.00, -0.09; 0.5108; A
-0.00, -0.09; 0.5457; A
-0.00, -0.09; 0.5573; A
-0.00, -0.09; 0.5341; A
-0.00, -0.09; 0.6385; A
-0.00, -0.09; 0.2554; A
-0.00, -0.09; 0.9288; A
-0.00, -0.09; 0.5341; A
-0.00, -0.09; 0.5805; A
-0.00, -0.09; 0.2438; A
-0.00, -0.09; 0.8591; A
-0.00, -0.09; 0.5108; A
-0.00, -0.09; 0.9172; A
-0.00, -0.08; 0.8127; A
-0.00, -0.08; 0.4760; A
-0.00, -0.08; 0.6502; A
-0.00, -0.08; 0.2438; A
-0.00, -0.08; 0.8940; A
-0.00, -0.08; 0.4876; A
-0.10, -0.03; 0.9288; C
-0.14, -0.03; 0.8591; C
-0.14, -0.03; 0.4296; C
-0.14, -0.03; 0.6502; C
-0.14, -0.03; 0.2670; C
0.01, 0.05; 0.8243; D
-0.01, 0.05; 0.5805; D
-0.01, 0.05; 0.6269; D
-0.01, 0.05; 0.2322; D
-0.01, 0.05; 0.8591; D
-0.01, 0.05; 0.4992; D
-0.01, 0.05; 0.6618; D
-0.01, 0.05; 0.2554; D
0.11, -0.03; 0.8707; B
0.11, -0.03; 0.5225; B
0.11, -0.03; 0.5921; B
0.11, -0.03; 0.2322; B
0.11, -0.03; 0.8707; B
0.11, -0.03; 0.4876; B
0.11, -0.03; 0.5921; B
0.11, -0.03; 0.2322; B
-0.01, -0.12; 0.9172; A
-0.01, -0.10; 0.5341; A
-0.00, -0.08; 0.6153; A
-0.00, -0.08; 0.2090; A
0.00, -0.04; 0.8475; A
0.00, -0.04; 0.4992; A
0.00, -0.04; 0.6153; A
0.00, -0.04; 0.2554; A
-0.12, -0.02; 0.8475; C
-0.12, -0.02; 0.5341; C
-0.12, -0.02; 0.6269; C
-0.12, -0.02; 0.2322; C
-0.12, -0.02; 0.9056; C
-0.12, -0.02; 0.4992; C
-0.12, -0.02; 0.6037; C
-0.12, -0.02; 0.2554; C
0.01, 0.06; 0.8940; D
0.00, 0.06; 0.4992; D
-0.00, 0.05; 0.6502; D
-0.00, 0.05; 0.2322; D
-0.00, 0.05; 0.8475; D
-0.00, 0.05; 0.5457; D
0.12, -0.02; 0.6269; B
0.12, -0.02; 0.2554; B
0.12, -0.02; 0.8708; B
0.12, -0.02; 0.5341; B
0.12, -0.02; 0.2206; B
0.09, -0.02; 0.6153; B
-0.09, -0.04; 0.8011; C
0.10, -0.03; 1.4164; B
-0.11, -0.03; 0.7663; C
0.13, -0.02; 1.4164; B
-0.12, -0.03; 0.8359; C
0.10, -0.02; 1.3816; B
-0.11, -0.02; 0.8475; C
0.12, -0.02; 1.4629; B
-0.12, -0.02; 0.8591; C
-0.01, -0.10; 1.3816; A
-0.01, 0.04; 0.8591; D
-0.00, -0.09; 1.3700; A
-0.01, 0.07; 0.8359; D
-0.00, -0.08; 1.4280; A
-0.01, 0.05; 0.7314; D
-0.00, -0.06; 1.5325; A
-0.00, -0.06; 0.7779; A
-0.00, -0.06; 0.5457; A
-0.00, -0.06; 0.6502; A
-0.00, -0.06; 0.2438; A
-0.00, -0.06; 0.8824; A
-0.00, -0.06; 0.5457; A
-0.00, -0.06; 0.8708; A
-0.00, -0.06; 0.8243; A
-0.00, -0.06; 0.5224; A
-0.00, -0.06; 0.6385; A
-0.00, -0.06; 0.2554; A
-0.00, -0.06; 0.8127; A
-0.00, -0.06; 0.5225; A
-0.00, -0.06; 0.9172; A
-0.00, -0.06; 0.8011; A
-0.00, -0.06; 1.3816; A
-0.00, -0.06; 0.8475; A
-0.00, -0.06; 1.2190; A
-0.00, -0.06; 1.1958; A
